87.2781395255
67.9888418896
119.566610388
120.210568607
98.8617471439
118.659069686
113.697058705
146.602683782
124.737326029
96.3753913168
105.237271492
67.7583850864
74.1350522439
93.7767955078
101.347604087
121.843280437
95.2580333293
96.6742022726
90.2797050289
123.236848286
109.987094609
116.093607596
100.200878089
82.7767943079
115.80382891
101.872827881
108.467468801
85.3278654227
86.0989582268
114.05483627
118.311646164
74.6185088179
90.9018931656
84.2462502283
100.825381648
83.3174732708
113.493553648
109.604029994
92.0876954764
108.351239237
93.5345802087
92.5362038773
79.7950280305
106.373277122
92.7824836634
95.3843793659
87.8853425146
86.1006620619
96.9752779668
105.400579379
67.5359865845
72.9204681377
116.237830623
102.700217631
106.242502558
91.7591931953
117.918341292
117.855508416
61.4850039828
93.0306960141
122.083242586
121.888727633
79.7284047192
99.1239089967
96.9392790399
109.498906828
114.982449361
99.3696991876
95.0941265172
52.7523031994
98.6696576993
74.3879027651
94.9838853677
77.056719894
86.7713038424
78.0877443042
121.801742269
102.30084714
125.640522143
73.2733446086
84.4786590678
68.9389831368
68.6561970971
112.419440839
111.097299293
89.7589633583
109.341395854
89.9133934281
121.719796821
99.2200181925
117.019870933
97.3709224028
113.501531579
98.9554539323
115.05896588
123.908053135
102.522267092
74.1182343459
99.9083681311
85.1386586891
115.441651824
113.252818912
94.680977685
147.978698575
109.444578552
107.725131804
121.434505736
72.4277504863
117.19562667
99.1447718654
118.992405015
108.78196841
104.023071104
96.0190391899
140.588032058
62.2318123629
79.1762116157
141.873881236
134.872364122
79.7673817936
85.2283845206
104.068867092
119.28068684
72.8587726153
91.5297060894
100.116846325
78.1310977624
89.8392174527
109.64851441
90.2356394118
123.837018731
105.76759022
101.168328543
110.259009316
107.890710346
115.117678378
84.0885303032
96.221429966
72.5844614207
79.3471095316
125.472025126
107.103539588
92.8414090376
70.1150680943
99.86096664
98.5776229627
82.9893975713
109.194110613
99.3153844138
127.33994839
105.030205375
72.1288981188
85.1449881545
97.0847672864
121.176885088
125.604476223
111.629853141
110.66839016
109.708184637
108.738095131
101.023432199
124.240974484
105.057252059
87.8508765526
73.5879964081
97.4419797865
59.7300687792
84.4591943882
105.386344113
141.284507249
137.194919146
96.6924666444
127.990871062
91.0567279168
69.223042081
103.061402634
125.415561302
61.0835275281
109.727884982
116.232163298
126.845632885
104.018245004
60.9518280787
63.4578378097
103.60717402
104.861513738
98.8453445338
131.361767923
69.2573263389
117.53684984
121.509915806
114.674204358
116.571955512
114.428879256
71.765323822
112.519438151
85.0619593384
134.23715329
93.3921713827
53.0434347072
133.928835965
78.7123411055
109.136514703
113.116076004
130.146796901
111.650861777
94.1500916545
102.713480097
84.9774670274
69.2432415769
125.226948305
89.8848486451
130.698686775
115.635617349
132.318933401
61.4798723683
86.3301445811
93.6576667037
103.960631799
58.5331848805
114.454338516
116.88232522
69.7410839665
78.4000517591
101.651199218
108.526743778
137.941937261
99.6043087942
74.3959830929
65.1088235748
99.5477980256
99.8911443577
117.373641495
119.90715144
83.0813258132
91.2854169068
96.8976158667
134.18774129
81.7352735513
93.1278704278
138.672049338
104.069101119
109.001365364
104.053000269
85.5078815232
82.8392479461
105.807524697
100.928285849
98.8298103234
50.7370965243
75.9132867387
130.368910785
95.332098735
121.415046441
92.286923255
96.787661844
112.753279391
87.4645332249
125.927865529
96.976332181
129.903074068
85.6273654226
96.495341248
101.433101665
99.5049264168
87.7092518487
108.952710975
78.856227979
44.8942658354
111.985466957
117.14315183
82.7447836396
93.1418196196
114.67904693
70.6881317751
90.7900604113
88.6972575334
95.7490681645
92.5908971851
84.3743998494
74.7695152928
80.4035420411
103.89580345
104.243822754
110.881922107
93.2742319947
69.7472421797
120.799651137
67.3256221123
110.250552263
81.0029410147
99.5187278309
75.5454036923
121.565727683
98.1235123003
84.8459117637
113.500670027
105.109542303
93.9663696571
128.408285743
140.44823211
131.045270595
92.5411994948
107.283985504
80.5997880395
126.530615361
116.936859019
114.772414014
110.072735724
130.141138116
104.361094666
113.317712276
106.982638653
72.5221730854
96.9216700699
111.47763177
83.6755900789
95.3661216325
136.695254114
111.228082656
92.5939120551
92.9775329308
80.5206566253
84.3658646499
114.662730102
133.870277063
89.3846181566
128.825879374
115.057657391
97.2191251874
92.4508872098
127.970030503
104.430071862
91.1812356196
127.378935172
98.8793978245
85.5934885339
107.996481466
91.0060107764
54.6650322904
106.854089704
97.1267950414
99.3861568072
121.739050758
94.1784896164
90.479454018
119.094895499
82.8459009579
98.1913927145
94.385557118
57.6674444382
90.1310085842
103.394964113
99.0393691049
105.249574303
87.8798679271
85.2429085247
74.8724689839
127.940197426
96.8229915938
92.115793572
85.4247326734
122.33899408
109.625919308
121.632952732
116.933563769
118.997130433
121.004688427
72.5539786467
89.4219582118
73.5661345667
93.3484344948
96.9602099995
100.144764094
122.558000871
133.53941821
125.014283602
127.339173727
138.312129478
90.3817126222
108.263628506
91.1771101137
118.15783308
108.287094079
92.0320386077
109.83874252
126.427526708
123.099827181
129.60516553
54.453964558
73.6696498187
117.329583493
71.4678761812
81.410168196
117.013652332
115.234614322
111.994099641
101.583993676
115.897397012
81.7994190695
134.216031516
114.774942456
126.500632803
111.314250458
119.736918383
96.5967934874
91.1722279123
127.716229275
79.3824305281
80.5975032937
134.979659517
52.7850426825
88.5603152293
86.7111237602
92.7786315771
124.861759534
77.9667740584
106.09481454
80.2965456466
88.7908377766
94.9992612649
92.814925383
127.509207266
80.2249822012
132.47896413
69.4607027323
127.149914502
108.741208167
103.106555427
122.407232488
84.0936175644
108.383811759
107.51276133
116.58118808
101.38162485
106.246910745
81.1601497548
91.2025360473
140.326854541
118.226246982
119.304325388
85.3739388485
99.3281555212
83.4064199988
94.2717598682
98.0551318091
108.85143444
110.144710629
130.561716826
104.057906092
89.7145849699
102.041542712
105.123489818
92.7024587482
122.148814531
99.3205219607
95.6656526875
91.087453009
101.300024823
126.476420962
89.2969627605
97.2643666859
94.8136962125
105.551808897
133.136611269
100.459472332
76.4112869624
94.2062165994
85.3656979399
122.650000168
120.082975771
131.386940882
128.331197507
89.9156904077
143.980444674
96.8662553891
104.002846429
96.5187964883
97.9177730909
85.8132868764
88.2711752419
105.77306874
131.37861303
95.973290785
75.6828590057
95.1910924814
110.244850535
62.8745306311
79.1186297258
88.542034368
87.4511178376
133.246468537
104.012951783
108.089664326
86.2223264281
149.240694298
90.992317306
103.777448944
112.126232133
116.68116204
125.205289525
105.629980446
132.15839052
84.7666997272
79.4036415078
130.751174266
100.852734905
104.531456269
98.5050990163
77.6901739428
84.9636406944
111.486044488
88.987966631
133.823765299
118.743024717
128.684641486
123.396237105
93.6940871036
86.5368599456
112.553808416
76.8770466017
106.52460905
79.3794615243
98.8482147132
121.124225485
116.252986482
95.9883524148
145.393126789
96.5439493467
128.737025517
73.4259018948
110.40025445
106.197865104
100.208293783
99.6516927244
102.277202978
112.343255846
101.203196289
105.447781427
139.483455164
110.470349455
99.6890684417
92.6481257159
94.7763690345
105.440001038
103.34324483
103.077626475
85.2889029922
97.959919786
83.9037215205
137.919871253
139.870764214
52.4068071787
83.8570339868
90.8207669866
98.8997911605
67.1587002163
122.322649138
84.4160831563
114.972309592
91.5751854695
74.8594736492
119.436129732
85.8111619172
108.548639059
88.0138173168
100.445210251
89.8225602
87.9418939956
98.3151336626
133.06642103
103.410009476
93.6870804449
112.362580078
97.4984808517
98.8992921855
115.579358611
105.693370072
103.665793023
88.2927934911
112.824757082
144.599925603
118.542465797
100.586494858
81.3297888292
117.420266694
106.166630139
102.794589393
133.927574749
74.6448774481
108.790299638
106.264408835
90.8726480611
115.090767822
83.6068775864
89.7521331929
136.076786643
92.4135947135
117.024524214
53.9561540243
116.653594034
111.602777883
100.261304616
71.6495629302
104.249036875
106.031660667
109.192486271
134.058410432
92.4133080612
111.944406479
104.909571771
76.7874719016
93.2347457664
97.2240088243
40.3058046075
91.1451447246
117.59916463
142.544940665
106.18919833
50.8665268791
106.92858792
112.702946399
110.142652018
101.550428558
116.944770044
99.933245805
106.513561922
42.822248474
91.7211873534
83.148728521
93.2564818193
85.0835122949
94.0692675973
105.192827776
89.5255645239
102.760260346
108.221529778
124.446523601
75.5476536139
96.5177298825
69.6317324612
46.2187090007
92.7259500008
117.819470409
91.6700356123
88.6611232389
93.4787051025
113.011839983
108.991275564
86.0908491063
123.682392634
124.448902197
75.6645349906
150.119653114
77.0301519744
99.2550966952
76.9547462561
140.869975045
80.5913696642
114.158661331
88.3892575897
136.480761517
116.856289793
60.910947311
110.84105544
87.4673055306
109.370379105
94.9155300177
99.8949697862
122.844822902
87.3006992583
80.3064611849
101.826999291
123.188428257
154.761319223
109.55806805
121.748769219
146.386311488
126.052583406
118.09570129
88.365880473
64.6360804076
123.319044336
101.521072318
122.851038491
121.400718391
101.051594321
71.5783485574
112.7686766
130.707666851
116.693887071
108.955686396
117.181118071
120.720052274
92.7420094686
68.6486674648
114.647301289
72.2478701359
112.911281965
122.178075142
90.002899423
104.725659
172.745689773
77.0552635159
55.8830454749
85.2880762565
84.787972973
89.6233505179
115.175395834
127.738427305
82.7968140208
109.254574154
127.24136913
120.063971251
103.816405671
90.839793684
113.268985127
82.8332923124
111.727107534
57.5137575539
101.628642128
128.342299069
96.4840298157
79.6665406315
127.620411871
114.96503438
75.8822759187
83.0388455699
107.278421159
98.1354414219
119.646892002
117.309603006
98.3268148672
89.0578009011
88.4401320587
79.0750822986
99.4496714935
94.8023264045
83.8655429784
111.204297852
90.2288497302
116.456255782
100.845039711
105.217466311
137.008747766
137.950575152
101.191367163
77.0439351161
71.5394080136
107.009878091
58.5586225709
117.396761205
87.7304404358
117.2272458
102.941370301
91.037225855
105.696975682
89.8656021954
88.2002449925
121.780227345
106.328722316
64.1959365412
106.118258523
97.5093958731
88.2541810242
110.531561622
101.304357737
88.171199119
48.3605495088
76.5359497242
106.241916935
76.9583824904
92.8803385909
104.223119311
120.194098616
97.3137516455
137.565663405
87.4218008953
77.2323653358
86.6052520152
120.060972129
134.311164242
125.084354412
85.0235980317
106.56174388
126.289251597
119.26750023
90.2646438786
123.690145474
120.8921248
113.458263048
101.947497509
98.3237623694
114.195629669
116.582752309
109.385219356
101.194560017
80.7084153481
100.488702909
89.7789565974
96.7566120654
104.430553272
124.354909271
114.879736316
76.0713882669
72.8490276631
108.759592029
114.014417253
96.9240402186
72.4419272186
101.094860088
125.798119892
75.1067087633
76.2940867351
121.900187151
124.274085876
76.1019435535
87.5000029191
126.772973623
139.07636833
73.2731627657
123.82993052
132.693819824
100.056447878
113.329734544
62.2712071402
58.6244255711
82.3535005138
77.1319291248
98.9226538497
123.325917432
125.91521854
108.819896053
109.099026104
144.813516676
105.231845121
119.500601746
61.2916461258
93.7996290476
90.0035782601
80.2335419713
86.3506708105
111.23940165
120.158240897
98.2632166804
94.9255797
84.9985560458
124.202889484
133.192825899
103.399395633
71.3221795251
139.957367621
91.3530430184
115.263826361
89.7099054084
74.3339627127
99.3341911112
87.8784347975
96.2629886261
68.0539181002
100.572526448
59.2149305466
79.8000831853
107.335744461
84.1599641443
100.506752866
105.710733045
73.7021502858
90.7945851864
84.9342461554
108.750421383
119.808622393
94.5408717934
96.9666719837
82.0166051303
90.3578018155
92.3296028588
119.102088866
127.884035812
123.756910214
80.7553662234
110.497785554
154.087218207
132.24651434
109.053031212
122.397809881
94.3041238035
97.2035205007
99.6338400685
108.742555121
123.174741945
98.4414272397
112.61685425
81.0198261637
110.08327689
112.375240376
92.3655983542
73.3098110949
115.197044448
100.724346754
117.051000885
101.904790896
100.148720165
113.777452798
111.660380461
90.1771213496
117.075119084
115.774778904
72.6658512142
79.1763076452
100.974769977
96.7908685761
71.2610605319
101.242834512
78.1549079702
65.2800638858
65.1701947326
114.643671415
121.495340495
75.6348666069
75.2769594245
100.227532365
109.510590284
77.1272589305
114.379654136
98.2439313292
119.185334196
138.858714065
133.65693014
97.378341445
96.2011249754
124.405920137
127.339373307
100.266491966
86.4575460009
94.913264211
98.722758713
124.637377068
96.0883872184
73.5231776163
108.933102785
110.48897007
94.8969196138
79.327858218
89.3389817225
92.80362522
95.886898161
90.3220743395
86.8928766074
113.922933766
69.5517575781
117.447574723
84.1909941845
112.87231663
95.2966148912
86.1369475587
92.9207398462
94.203658699
135.341008768
112.038363217
80.9147786761
84.2245413607
110.524164473
125.642588843
86.432519561
116.063349285
122.430347018
102.756951939
149.708941038
86.3101853229
81.3441839023
109.043930642
76.8753020967
95.498343508
103.70234866
96.7547959596
142.413885974
51.3922512734
122.948461298
109.161249221
109.088554009
140.969162367
110.960265404
82.5541871771
99.3096032968
94.8983115406
75.8702491911
111.904388482
104.582202703
70.7144565066
93.4126169918
88.1475751559
87.0550132974
65.6656418247
133.484535324
74.1933124075
87.8015574322
104.911598795
101.625375651
86.5880006772
