188.348792187
206.989791101
162.415785765
205.099555166
62.5529593528
114.203744041
103.27371416
94.6497406901
83.3607493169
33.8871744949
221.897227186
86.1136028725
114.829614604
77.2667636614
188.937652955
73.8120721775
205.369953109
243.055406441
118.387756624
126.51825083
120.664264425
86.9341025438
221.765103544
124.945767979
110.751794018
116.778869676
202.430354345
114.419844202
66.6572556674
111.236502338
108.994894158
190.684805109
189.91135173
241.215133404
204.717657882
87.1561346207
124.26570981
84.452536089
101.585576474
225.404504135
193.191662231
229.575210147
221.556212467
95.7362482799
75.0199227825
86.9746144475
118.970751859
106.047091008
90.3803661281
124.461070941
176.342611185
229.231625789
133.986578887
53.6339886418
206.208672098
174.676325229
191.953311112
207.664996465
90.6250625063
103.781186985
72.9789317772
112.11438271
168.241887685
174.950518522
107.214853481
100.118978878
99.1990605263
122.018038293
130.814882677
74.2795936871
215.546041206
183.470425984
72.4613311292
214.966505859
103.521213392
185.464727551
220.503883173
182.284520667
106.436327062
116.47980968
89.8483286106
96.0421345959
200.584773382
93.7541570583
112.867916979
98.3307883352
123.335591252
109.475680954
85.7142615771
202.774289565
195.733035991
219.651675579
180.314176533
222.732165192
123.01391609
206.652591549
159.782672468
109.772719118
101.29345811
79.0202608691
87.5875771947
111.738317126
199.010874354
113.002107159
185.720317752
91.3132848351
123.888510264
111.893175877
199.14161938
232.43889927
118.035921712
166.663616178
174.284988237
209.150717347
201.993341513
75.5034547082
226.633182722
91.8023041461
102.202204828
97.5775525423
173.292785777
171.042678249
97.4945437846
96.2878332852
192.737339379
100.564018822
92.0937344708
180.808946329
181.291930215
117.00325168
137.156771579
83.5064926345
193.356980641
241.149369315
172.864416841
187.34911778
89.6686204417
122.47346399
97.825248374
193.609514247
196.389586304
214.359695535
172.796296464
90.8939846095
104.646925965
98.0310698447
184.607739489
72.3776644698
168.98367149
245.467197337
220.001672441
87.9000674333
210.692552874
199.47158023
131.172728791
97.5028893092
67.8088058814
159.917671787
89.4689865309
184.79698646
106.445283838
62.7770876194
175.800231981
125.692501716
168.550534941
101.220570428
199.560342114
194.600966219
228.498659336
95.421054427
179.665731971
64.2244134805
106.227253907
70.9511925242
72.0673892786
65.1093678328
74.4098909327
139.207397349
65.7057203921
122.301350245
164.253623317
215.838259165
104.591159802
212.067670589
110.95824789
238.091108279
113.569414912
175.659448548
138.817069411
102.721453776
100.037813024
137.378930049
115.376673276
47.598991192
218.468056691
175.499616084
213.731402909
91.2587777248
191.802150314
104.45024927
111.349820728
85.0205475006
106.153545442
98.7890264563
208.17389955
201.677083102
72.9862056713
92.268878826
168.951246452
89.2846424086
200.482746631
178.15123091
102.750370209
227.973411999
191.350120452
185.944580112
229.479488567
95.7752948936
85.5838644501
92.1969103935
236.136430222
109.1170457
118.64585861
67.8337972311
126.139417432
132.539771656
159.979258699
208.934788771
107.863921686
75.4632017889
67.6430479343
123.253384824
222.163877716
201.263597121
237.629282912
194.719792332
76.0299099079
85.9177617361
125.846334281
109.293837055
100.298645151
74.6544236327
141.530929714
102.579966346
199.60101765
126.336885658
174.124230332
186.245634921
206.618586348
219.45720534
96.1504807811
101.517184891
211.680003115
127.9458551
165.016620139
192.291444822
163.407640383
125.110411583
106.137525349
230.149387943
87.4649776314
202.189459785
91.601936406
198.569688818
233.553539554
233.052124871
184.726493721
209.180510219
54.4940954653
107.720788969
215.69263713
125.456810657
99.972814873
125.539598977
211.247490588
193.270999522
201.747931105
170.432023918
133.117025098
199.151533358
79.1032853703
186.694446284
164.100448906
82.58462764
182.763336536
118.516679014
205.112976797
105.484585653
216.8448956
245.228224207
239.045884269
91.2222049239
99.424434473
80.3706380463
103.952538985
91.8768661032
129.592155525
71.3750354923
57.7808551821
181.679624238
95.8263438554
200.292853164
71.4875135508
205.487776672
181.085674449
124.246751403
187.738506443
105.372845857
89.4753699786
144.470117014
197.151163716
219.555922311
167.060488934
174.353830535
227.029848127
106.235445651
191.570870887
95.6817809918
95.4407312326
172.904273489
101.08550873
63.5604053659
97.8652788502
91.9264097331
87.928160124
96.7393730218
196.095645168
197.704793997
200.05479873
172.044359084
87.4477267043
196.1720223
117.872730524
196.822489396
176.581220159
123.704913596
237.100271091
174.480951754
105.641054916
202.696010997
205.121245743
161.705201491
131.538683468
75.2284125546
133.081527277
123.621542875
72.7699794195
213.873041493
94.0297447337
102.070338617
105.607294001
225.718619703
74.2849283749
158.450193169
83.635262829
242.535422794
212.186737863
222.291415501
119.021383233
94.8508472958
95.7614449714
75.9478899116
187.774458353
95.2152295907
201.301985105
211.922861028
199.955513854
114.283651819
209.321950192
214.104936349
170.072615041
105.335646313
96.6177078244
194.714174907
197.397504826
123.480674659
186.659030757
207.420089053
120.581379597
208.745078036
206.51021776
203.355902514
120.250430668
219.911237265
180.786148579
103.329657918
182.010111117
103.633367634
262.617023812
225.293309254
73.189315582
178.405591611
104.392479246
161.380955589
212.634505347
232.18342705
96.7399774443
76.589819222
193.552615978
207.459142139
204.576691867
202.136472818
201.102238533
202.229127637
94.9631852356
230.467261978
104.808212577
234.695888571
77.9043897038
81.8291235104
213.542640661
92.5580142776
116.786036143
90.3550104139
82.0145059846
198.908575518
195.273743742
195.579852817
120.99448203
171.99340748
103.243528959
228.049476539
37.161865181
188.467839963
90.3486023825
190.603853344
80.1412368442
165.713268815
133.422075559
225.98663287
204.993377945
211.057383126
206.488008533
90.4683839351
228.875235249
89.7642297115
225.064462557
225.012441783
192.900198845
235.331171549
112.571716464
199.766537671
176.590103721
254.137381427
172.942633004
186.850804349
107.429353495
100.666257488
190.245147537
74.5913122197
49.5628481114
96.9909897911
196.212174381
217.017586481
178.271840983
100.099147239
214.696234706
204.001953858
235.079995734
173.060323349
102.890467564
187.514359097
75.2088792732
89.1065878416
80.0994527908
202.47642771
172.507899611
219.090696743
77.0722582534
196.256504456
180.864460622
94.2084386609
78.5937540685
178.06516336
116.263358683
191.733890118
204.48152088
196.206873932
175.261779798
192.229429058
204.196829868
117.536970656
118.807386401
184.983457968
84.6415787466
107.703121499
218.353733399
209.751901138
162.466875456
225.461819148
107.619168243
95.5516450381
77.2150372025
200.485650587
118.694147186
199.994983683
91.5352308784
180.425341807
90.5066290102
135.61655365
113.545873296
185.987077995
99.9652140942
79.6368926542
228.441567696
176.989543899
207.059094656
184.464387093
108.585101975
100.364668552
84.5503422898
53.1129321368
108.367264499
74.2755730428
119.53600314
106.972693787
212.645353063
201.097302273
173.166781995
220.248060278
175.122580144
219.412943401
129.528960396
73.8665224216
223.406658835
184.590400508
219.880163746
96.9094896279
68.5622150301
110.955525746
220.243022075
177.189096865
244.672325592
187.578645401
224.571362435
124.312588668
177.269368873
84.8319207003
112.564349757
101.125528412
175.07192791
103.059276834
104.437555144
128.162349346
69.4876112468
89.5810341409
200.687384218
183.173524607
108.987767024
188.792902832
109.630333787
172.063878037
101.346646135
195.816640494
93.5374218289
202.314840284
211.6545096
207.043943881
216.608914324
225.715019706
204.451423729
144.50457994
67.5380503784
178.016243047
212.327582094
77.2228997241
206.665367389
115.319558573
126.414677999
170.866059494
173.196614373
104.310905197
210.5526614
210.309344574
81.4785230536
93.9658460271
94.2355186708
93.3473870531
93.4641008575
106.06149006
217.557659763
203.022094983
207.985383141
218.670883662
176.665184663
204.092681566
197.632640668
103.929247089
211.125806898
111.709253514
129.935806478
108.805219229
104.999688949
208.491009685
89.1199223615
207.633909151
119.17412753
122.681391923
128.653872313
203.498464418
134.659567637
215.603990122
204.051828437
101.111658118
65.4262895526
232.731272208
76.4797418623
122.945639282
106.813650723
198.064122158
70.8738283953
173.577812287
202.948611202
89.3636937786
102.946883204
71.9056842214
196.415591019
210.528811626
158.002343993
117.674929058
224.965667335
188.750893223
217.108658114
95.2521894796
59.7325218431
187.774075543
221.185972153
198.828541132
229.538440712
202.716612887
103.914724914
94.8225059179
117.820722278
85.4951384585
181.840400909
182.396930405
144.134228947
86.317242707
210.590401341
240.76181283
218.893272112
226.76880562
107.489767104
187.495842527
191.205008165
204.054847065
194.799440185
192.605779467
122.236376109
196.755328483
213.340505397
100.320142114
215.938801932
166.080217109
193.480770236
61.4246129466
170.549848689
182.278718287
210.079550865
205.109503461
70.0038753079
75.871265265
215.926930385
69.9447135079
92.3485347222
62.229678633
83.5962949048
102.080171155
212.289775702
216.62882445
229.676579766
116.398142711
256.436137594
169.93199208
177.210157546
146.31293882
104.082802173
202.783539008
213.080506857
126.905221985
95.5317303339
226.668461238
204.052660028
107.431193065
124.542724438
69.3061843973
118.261262199
94.9205331684
221.24053305
189.271256225
188.216790511
89.6983207168
134.841530799
224.105912221
211.354918468
240.175805922
176.945561055
191.107655488
122.201159412
99.1423333028
82.5356413835
204.642076121
197.090379414
195.949085033
118.107832391
219.339987059
200.331380169
113.239686964
187.176792837
97.6344837492
208.295480788
72.7393762069
106.791512125
105.757008474
117.56361704
216.612360465
226.929483206
88.4418163076
139.650489896
164.239201025
119.610802677
115.99883254
174.953439784
86.0008248193
225.506072213
110.738832733
210.584789335
211.329365363
83.0552769357
180.817775731
108.21546977
173.041185358
218.761245658
109.454033549
94.5237473189
204.810619723
129.17530016
213.152989539
94.7692200565
106.083777631
191.089969427
89.9761752365
86.8013172933
103.698407597
204.013191951
209.386254254
108.535103554
107.685638443
194.796979184
199.626529414
210.41250187
213.818200927
103.156206502
97.3917415256
199.399558271
89.9619944214
110.02043465
112.124257092
96.7254429153
101.652857954
201.818051107
121.145281235
188.583197956
108.172584592
134.490172266
74.3573286375
214.285370683
73.9297210229
178.906103123
194.006669695
171.102186178
235.958317304
81.4624671253
226.56399095
98.5357151658
229.668560341
212.711037695
204.05410347
183.610971893
81.415189136
215.708132552
176.196584659
160.359927823
208.100089882
63.4666207077
201.460117673
113.157790659
209.215523927
71.5799698411
176.664378624
120.274372635
84.3492505512
232.826116019
74.9991383394
180.695635816
129.920575063
206.385216647
116.695659997
221.675506752
208.715043343
169.841676539
221.720294027
216.753000895
178.556850661
111.506332196
104.494194381
103.958734564
105.962568666
71.5726976235
161.75851179
198.715671803
70.0581866015
136.131133087
187.894453423
118.736008662
82.2901704993
95.5939251154
201.27612353
186.297001276
76.992256042
201.559772883
236.187777881
238.546920506
81.5523837719
100.682862583
98.6717394019
191.641040625
198.422842531
203.918512454
78.5878802985
210.580129561
217.700538471
122.912033316
95.7410421311
86.6929852206
89.1007471528
121.086023144
102.64316262
185.513892436
76.2577154779
69.0430452502
109.321266407
101.331168736
109.275312942
218.757767809
157.910538261
181.633336989
186.153281849
187.347258039
177.232263495
210.466406658
167.666619669
100.719008213
218.739874432
112.891453674
104.413533642
91.2516566987
193.746076156
89.2857551148
185.801427866
122.955985222
137.532867516
66.5725343193
92.7128704226
107.957040443
79.8652248388
93.6227966362
191.614972009
205.979403634
215.933648361
88.0207945093
153.514814526
123.932182316
191.911907684
109.707729814
75.3296870115
217.941365389
197.957845046
82.5886716062
93.432008875
197.554542381
195.406233307
191.852763083
200.310366942
192.195992315
102.893141965
220.814281022
109.163765581
70.7022168792
206.65051539
209.331788253
170.942453774
216.856033881
222.010589084
232.389988697
84.2002657978
110.736383507
210.462572102
182.453927074
187.832697565
90.982291377
189.017472481
93.0391363517
85.0120637153
192.251414405
214.450506526
208.048990486
125.585918737
194.320750563
79.5372375097
93.6147252276
231.805949544
205.549765743
120.209229606
88.225621567
102.255422521
88.605700135
132.584101929
183.214146838
80.6389309654
211.755307587
84.6901067725
188.789227474
98.6205916808
93.4913614775
199.381603811
106.015621649
94.3399160685
114.978870825
99.629397572
62.2553893325
150.913302181
182.389966973
206.443807375
198.082294661
114.808145454
98.6413972382
254.064362212
180.777681321
109.572592148
80.1557308708
97.1815459109
213.546959506
63.8137517615
196.5309574
139.756826234
95.0429825658
190.718737
171.830501207
181.763103288
100.341205842
112.318226794
232.146534655
205.873087393
221.135236581
190.636875885
191.04539988
74.5374516318
124.371313444
107.307569164
214.307668349
198.183081728
72.8143956465
175.153965728
81.3300988701
119.805006891
168.872902555
215.425554903
207.503511861
109.914379609
208.363161507
198.443324259
100.590427001
239.994310986
215.591056685
165.787266325
190.319486653
215.033073363
171.281819076
204.777352297
107.630753043
207.436811858
215.846413357
168.995384169
137.560019249
131.481039254
229.806568801
155.073299747
94.653028547
113.299977261
91.8238172183
94.5170548908
196.686066669
101.454356876
88.2768600591
118.00478995
206.014205497
120.214147891
195.903746035
118.51501635
