9.48196202997
9.404775618
9.12015327471
9.08356581237
12.1383717955
9.98458359
9.35092957128
10.3138659637
5.3005707478
7.1101291732
7.9705573492
4.51753291005
11.3027716289
10.3652454334
14.2511246224
9.93327822497
9.58626330854
10.2877132992
11.1231487476
9.33556811429
12.9783770304
7.32770419399
8.365223276
9.96844457922
10.0249806476
11.6998906157
10.4368665189
7.24930615739
13.0450426755
10.0879456795
11.5623695092
8.46732328045
8.87011741465
9.74631681113
6.11604428153
6.71076154267
9.02522878839
6.13026293025
6.690644646
8.95820802169
9.60927165725
9.31723808716
5.87543083926
9.75728069674
12.8088203723
8.51050236398
11.4629663527
12.0073451184
11.8646342204
10.9195865486
6.68328928983
8.00255986006
13.9991232566
11.827217742
10.3176100553
8.29106756635
9.71785846401
7.55596271024
8.8002511115
9.35746487041
9.93029848351
7.53035428662
12.4980971675
10.8809536048
6.61316199266
11.3650120619
9.0690423902
12.4547280686
7.85901848607
11.2854149692
8.53202292669
10.0523859501
12.4953406908
11.2151298664
11.1862273562
10.0148628762
9.87782446946
11.4377975901
11.8324180932
11.5450479882
9.31341754799
11.8884414511
8.76812589323
11.436430821
7.17072226555
7.48092654497
8.76887595118
9.6360905398
7.51138031605
8.05688478346
9.05749943005
10.0801447981
8.880446185
8.79349101483
7.76005237911
10.6873510807
9.94457206919
7.92324187716
7.90174085074
10.9672882163
11.8265716766
10.8334344572
9.3256516848
9.99665064373
10.7190350027
12.191451254
9.89487891837
8.93234819775
8.89296408174
10.9820222589
9.79380124347
10.8528440045
3.29192904039
11.7877237694
9.97247335488
7.96456541192
11.8391804962
11.0742959992
10.8532903656
9.62162613219
11.7616771993
11.8692849806
10.9372204069
8.6456122141
10.1063578672
10.3434786482
11.2070702691
8.57676952259
9.92231026936
10.5862132215
8.94406165552
11.0744198923
10.7028004123
15.5903318057
11.8453268023
8.3103638111
9.56641935027
7.90500414662
11.6171314492
9.75680827669
12.0441076228
10.4540778057
11.8834439791
9.27452723783
8.20668208828
9.55791207991
11.9969485924
7.69439049361
13.1045048422
12.0899166274
13.5848367365
9.46328250462
8.86374997707
8.97513783286
11.288304254
8.3572228588
10.2915627834
10.6373083752
7.63933812394
5.35702265155
8.57080030302
8.23290552006
9.63666552239
12.1375674836
10.46779302
5.28810172714
13.1416941211
8.41015205787
10.2894882749
10.4013527283
8.25050928473
8.39045948063
7.45462453443
6.64461542323
8.05351607639
10.567707121
8.01288092812
12.375983532
8.71249004282
11.4380778503
10.4566289811
12.9111878195
9.77330610507
9.50047272093
11.1362186715
9.10714629188
11.1588262249
11.1427391856
7.02657978975
7.67810658821
10.9014436095
11.7184148742
15.0553107893
7.38148745642
11.1115079175
8.34366963335
10.7467852031
5.06195752928
12.3502527044
9.88612412271
8.36875079195
10.3574830743
8.75925872761
14.8215130016
10.4459188352
10.035734126
9.27251372265
11.2264914142
12.378408905
12.8243875824
12.7327646734
9.60243539335
6.11146174758
7.63918592107
10.7842601078
8.18640495138
11.835634778
10.0037560911
8.53305182026
11.2900482693
12.4071036486
10.0403084276
8.78446472711
11.445403066
12.2871142591
8.18709120015
11.1208769954
12.4257793436
8.62544276622
8.84991433974
10.4017474955
9.25298490593
7.91381982322
9.49909315517
7.41548457518
8.27624851072
7.81749072685
9.66504678359
10.7872392957
10.4718112038
14.3987644064
9.71333983929
10.5077961646
5.03507555542
7.33171640657
7.16746305616
9.47489271164
7.98024156883
13.1133220992
10.4020158172
9.16402868237
15.5120705293
10.2474597311
9.38626477295
6.53306881302
9.73201280673
8.70510859633
10.2271797696
12.1209381697
10.851182115
11.7042847481
8.86718236224
9.80101704847
14.511096483
9.48940341033
9.32313070799
8.20394799276
8.64439100107
8.29296569107
8.74119605418
9.75154524509
10.6371595905
6.89765206192
9.91179093841
8.69685876228
9.94228177779
10.8005242406
8.41029877971
9.97557425517
11.3479591054
7.60145662517
11.9665921396
10.3096129951
10.7009706591
10.2709154197
7.98421706951
11.4335378105
7.45827994363
11.4415109241
7.47951163291
9.09464615852
9.7501832086
8.78939212082
13.833189295
8.22203603822
12.0038905196
10.8703733676
9.01959108122
10.9991128272
11.9006334407
11.7566239138
14.7535644572
8.73621290526
7.58185587284
11.6205260889
14.15128268
6.67828738585
12.4018418795
9.13670612648
11.5910615148
10.4487178164
8.92755399611
12.449669453
13.77753234
10.4782371407
11.7147278639
10.7782358385
11.2446652774
10.5825374733
9.03879695527
12.2922732544
11.4058988274
6.72333301545
8.45727472653
10.5306598329
13.1996526226
11.4821200314
7.87450902664
10.6356188682
13.6146741058
9.84539459983
9.16477178445
12.2487560679
11.1681431768
12.4465394036
11.5134103424
8.1464791961
10.1765791637
12.6130155898
8.97341484646
8.76528146363
9.04183980598
9.65913400472
12.3223417531
11.3906314261
11.4058083669
10.5642758027
9.29640571685
9.72716574439
9.3687045251
8.06360256485
10.5156133964
5.31323683063
8.27654505172
10.645489107
8.31848740935
10.9783614536
11.8379091564
11.426136644
11.0334598957
9.70953613474
10.8860612416
9.5088533671
11.324288888
7.72886395142
7.11035962525
7.59745458252
13.0028864708
11.2285354954
6.27274526086
7.26016375859
10.3819227183
8.27826640032
7.1003980075
10.3230509902
10.4322059227
12.6166357572
9.93019230023
12.7784168789
10.1120942382
13.074844767
11.7976398905
7.94545976808
10.8712604983
9.58231544247
9.97155800036
10.5064107103
13.0415774853
6.83742459167
13.72983138
12.5457674898
9.02939114789
8.89505158937
11.3580331953
10.8137859125
12.5791252232
9.42839260278
12.0883459598
7.19041557203
8.46155829245
10.8318146996
10.3397777223
7.79422422491
11.1643694717
10.502023979
9.00797202906
7.36011660969
6.69985483715
11.9784218502
11.8550043743
10.3004911151
9.14008031289
6.43189179215
9.10017386886
11.6855468472
6.95419374962
11.1673179965
14.4751050444
10.8962140288
10.8979600841
10.156561273
8.23306159625
10.8905054559
11.3935062532
11.4213454069
9.71100399673
11.5737136827
5.98858404413
5.65022666026
8.3196489003
8.59237752464
10.1430898631
8.20547613335
8.87570843728
6.95719478897
11.4304444564
12.2137778189
8.0099557062
6.96542695148
8.24536283752
6.34590197705
10.9613029252
11.4171596451
12.4034924529
8.02978231069
12.3631228553
9.70873745491
10.3737949619
8.4730252755
8.34012680302
11.2754264526
8.79426518788
9.17774910069
9.6796263659
8.82614403856
9.29160075486
10.8076340774
9.7435167093
10.6273123273
9.00905946111
11.1447492847
10.4195126873
8.6271615087
13.1406460317
9.78219762526
10.0873552585
6.9936413618
11.7518733658
10.9254242487
11.6282081637
9.42659155677
7.26445868433
12.3554094167
10.6512754711
9.41183966087
12.1981921797
10.3454462537
12.3343714393
11.1786218373
12.8591179682
11.8754817787
8.87856846443
10.1924685792
9.74673083252
12.7945971759
8.37845575665
11.9916240621
11.831463765
11.751652095
7.88373519303
10.6210227684
10.3203313319
10.7086382861
10.8988921892
11.1678979194
11.7173053268
11.3115654965
10.7531170242
13.3565717169
9.52233679665
8.72867653293
9.91968323588
11.9492900011
6.27914602958
12.3509315526
9.54793704028
14.7151552854
7.15560034386
7.92676795981
13.6027417005
12.1396333105
10.0119500838
10.0033612467
14.0115601359
9.12155939244
10.2908601899
5.13510885368
9.86070190353
9.83545311098
9.61568894249
10.3830290805
10.1039075869
9.8802921374
9.55811468742
10.830424645
9.23500174766
9.64971028178
11.9750200687
10.2477739322
11.2310613389
12.0013016764
12.6795213863
10.8183031542
8.83489183844
7.80334581428
7.87667980542
10.5097188141
12.6631081139
11.2540925387
9.17952902752
4.6747753818
14.4881615384
8.05715066108
9.00518106074
9.57091777173
10.3000704182
13.3156058041
9.02128568662
12.8169371758
12.825743575
9.27409988718
11.2907202125
8.30728519471
9.80024187192
10.802695977
10.5318636308
9.64582740575
11.735969395
8.96567508068
7.99996727515
9.3817254379
10.0795201116
10.0637337562
13.2014239402
9.87545854311
9.9489801909
13.8191216773
9.28782179738
6.64802586327
7.32282693178
9.93677783903
11.9729783212
11.9597307352
8.24510767586
11.5932940033
8.6370198044
8.71825250343
12.6496804625
9.14520667872
7.05045798034
10.0390289519
6.13288552219
5.19741013004
9.7999733091
7.98277262224
8.21015969481
9.03823549608
8.76849305441
12.4611924879
7.69148447259
10.659974752
9.12964819075
9.90992789654
9.03086452456
10.5638277615
14.8455515468
10.0386178566
11.55925222
12.5176277268
9.56569933035
6.87676394215
12.7583312617
13.4475946594
7.38451695379
7.68971003597
12.3892341287
11.2897538147
10.2935633767
7.38441270762
8.03269190992
7.13499480545
7.68681106534
10.511035917
11.2803205692
10.9663263864
9.16235826557
9.40853273258
12.1384461989
11.9390631581
10.4112097285
11.6471750487
7.94615520479
8.13102506665
7.09730611482
12.7296300268
11.6479717075
6.74540289315
9.25050517266
9.03472672612
7.26078973338
7.9693667298
11.6609527769
12.5401890122
6.32207272982
9.52650969211
12.4343145243
12.0569489086
11.6332273641
9.22519345763
9.71963670028
8.32026723764
8.33606023784
9.28767961186
11.2407496621
12.0882077593
13.2862148506
6.18766996258
7.94400747978
6.33619234878
12.5486210778
11.09059592
9.22024687543
11.0189100276
9.94376502024
9.59454271902
8.1653807362
8.75818465452
12.365781044
9.46532945812
7.06985805874
7.90272317181
9.07495720364
8.90130248014
9.13968283042
10.6730635176
9.7944699571
11.5003530216
6.81083889096
9.88733942493
8.22301308935
13.4724451205
9.89296591673
11.2201515808
7.62843131944
9.03192935878
9.89147387938
14.3381057238
13.2539496775
11.4058524506
9.99913399509
12.397087894
8.62877883249
12.4284822255
8.01057798523
10.8742086757
9.77639297334
10.7622000066
8.75921202511
12.5371593747
11.2125364949
11.7226130391
7.70199455179
9.49371739862
12.4005400818
10.0856255498
12.3511057657
12.1463655242
7.55175009944
8.30012538214
10.9195663804
13.0729139241
8.42443421122
11.455529838
10.6651407505
12.6390303999
12.7663572657
4.94754032475
7.23470482178
10.9799977622
6.41371767714
8.93094828008
10.5250736921
10.94285956
11.3468119231
10.6055939362
14.6755979434
9.43216795782
15.0703233556
10.4362200569
13.6401184498
12.2904611021
8.89006490114
11.753284112
9.26062216931
9.27288882835
9.65542321822
6.43569178617
6.85313517765
9.68467253264
10.6895424787
12.8670514419
8.54290872133
11.6917722741
10.4614475726
10.8577971647
9.99879169525
11.8243888759
10.3470048912
8.74964297169
7.41088239693
14.8929338165
7.53601953115
12.2692348834
10.958852507
9.86165435067
10.6079016163
10.3579584724
8.38387839035
8.67375331316
11.5282300685
9.98113537517
10.2203758005
11.9672218818
5.03500574861
9.48127407139
10.0272329091
10.9514680803
8.66244039847
14.5337427947
8.85572966109
11.704066174
10.7516112915
9.9556453827
12.9328351083
11.7738820843
10.4908365281
9.30470275069
10.492420995
8.57326404078
13.8938317482
10.2665408937
9.8731005416
11.082475202
13.4840256539
13.2010018094
8.41470231938
9.3183077284
12.6519844002
8.53942019468
6.5345248276
9.12763512373
12.6521468927
10.3197811696
12.1021938774
8.7637403798
9.98942323258
10.642352871
5.14987863378
7.57574835263
10.8791249951
12.3426102813
10.0494104412
8.19194004106
9.39119795718
9.24524772911
12.6216717932
9.72394907048
11.8774968014
15.8611948241
12.8948906752
8.93242773871
9.17643792611
6.50977340109
10.2679514874
9.83974904821
11.8240968165
11.0122388948
10.7085388456
8.21031608934
11.8992789344
12.867943218
11.0699007626
11.2574490322
7.38582114016
8.03360808573
8.12800630577
8.73758039322
12.08566087
9.66675825767
6.93336918798
7.07111118085
6.67217804967
11.9960658653
9.06859125548
10.6113216736
12.2438594605
13.1121873226
9.56156575964
8.54903959174
10.0618327638
9.02952141372
5.94436903623
11.9157145406
13.7781524114
6.56434012572
14.2299639026
14.4933379104
10.9632003241
12.9131308245
6.27170482657
7.2224748089
12.0720945839
12.1221093016
12.1067276053
12.9017878749
8.25759307392
10.0776167065
7.45629907194
8.0859144479
10.3785641851
12.3721594265
10.1222464127
9.61282343068
7.24287599784
11.7841492512
8.06591993312
9.80562012706
11.051133187
9.0714071898
8.76966217202
9.77509279547
8.77952503077
11.781975024
13.5172073409
13.9533079884
8.28741703412
10.2626906942
10.6721987938
12.9287300024
10.7937189764
10.9887788653
6.6578107699
10.4039284061
12.4187400053
6.24417525272
10.4332895812
8.51267578044
8.0564271109
10.9351811793
8.69324838752
7.78599234425
8.33161439217
9.90604625396
12.0380050045
9.95273349813
10.054901882
11.3461090888
10.8002268366
11.0613551491
10.2433804384
10.1225524705
11.5106525943
9.20397667872
5.02867514794
10.7735477844
10.2284083294
11.3176425274
11.8123603239
9.99262506909
8.05528483566
12.4198712427
11.7739692892
4.32447275255
11.3549426027
10.8878543114
12.5972324254
9.13529243833
11.7662184348
11.1101872522
14.3811489949
9.82429818432
13.0836634999
10.4823762088
7.59540896966
9.50518077607
11.1254144292
9.57309355414
13.5797513124
11.5920950432
9.99864931477
13.3694515167
13.1220863205
11.8737570039
9.85543221731
6.97518214635
9.50502317652
9.6524461119
9.35955993609
8.66880421683
11.2641413741
10.386611005
10.77097936
12.4568248796
7.04389022684
12.2795424368
10.6812691002
12.7805317374
10.2647193211
8.53795105778
7.12214754531
10.4161258531
10.669024914
7.33263831742
13.4003072555
10.374995365
9.38181567069
8.63293136436
10.7301489496
10.6458420708
10.5872296027
9.2509697482
10.0165428467
9.47199915172
11.7771499364
8.85985944944
10.2243669748
8.42328736585
13.664808744
9.65622800257
9.84749986801
8.39161332722
9.32782034835
9.43158283017
9.58155415593
13.1756870169
6.21521452116
9.86354206934
9.26813925231
8.81512394353
8.7848629402
9.09087398405
9.18613808354
12.2649035709
11.0224494935
11.9327371215
8.30885922003
14.0803358001
8.51176166834
13.3247725798
8.56994097319
11.6545570885
11.1221625031
9.5930452532
10.6366303842
10.2394917685
8.8214480729
9.12500269387
11.8825413211
10.3986999349
10.6555914696
13.8368479187
10.1112166997
12.2595816302
10.5883051994
10.1363116104
9.93553060851
13.5754326719
6.46013399303
8.5787161363
8.15660751795
